=== The Results of Dataset Splitting ===
Train set - positive samples: 156
Train set - negative samples: 1323
[ 507 1226  470 ... 1103 2251 2171]

Validation set - positive samples: 52
Validation set - negative samples: 441
[ 999 2076  927  204 1945  377  312 2362 1858 1217  869  987 2365 1973
 1642 2086 1753  922 2004  948 2182 1986 1793  384 2311 1346  892 1980
 1035 2183  116  565  621  568  626 2353 1053  316  495 1956 1706  125
  982 1677 1828 2021  290 2273 1254 1121  954  739   14  887 1727 1587
 2020 2436 1451 1038  792  473  497 2228 1968 2323 2381 2258  740 2185
 2203 1200 2267  794  322 1303 2462  593 1446  690 1563 2052  989 2447
 2033  578 1394  143 1066 1043  229 1441 1296 1662  888   30  333   81
 2108 1949  362  505 1584  180 2081 2291 1640  606  299 1372 1739  623
 1590 2338  780 1034  438 1148 1291 1172 2341  274 2128 2276 1265  827
 1527 1970  137 1607  343  666  709  683 1026  490  835 2456  157 1232
 1911 1884 2110 2152  517 1748 1992 1669 1754  136  355 1159 1385 2256
 2054 2006 1684 2028 1760 1595 1860 2094 1106  914 2409 1109 2333  162
 1141  765  614 1210 1033 2242 1491 2397  103 2327  150 1449  791 1340
  749  522 2310 2260 1831   77 1869   25  122 1700 1456 1801  710  941
 1275 1723 2069 2066  816 1758 1531  381 1185  701 1288 2417 1205 2402
  863 2231 1950  754 1905    4  459 1052  708 1099 1932 1698  281 1894
  262  331 1824  336 1745 2388 2352 1649   98  552 1131 2201  721 1892
  972 2300  996 1092   18 2386  572 1227 2178 1675  324 1767 2435  255
  918  472  591 2126  550 1512 1498 1916 1093 1953 1094  977 1393  633
  524  200  433 2232 1800 1705 2279 1571 2210 1104 1140 1369  546  975
 2148 1685 1341 1151  687 1692  950  815 2459 1575 1812 1976  598 2211
  432 1327 1112   36 1822 1552 2391 2270  995  836  335  628 1591   46
 1535  159 2064 1903 1426   43 1845  682 2292 1166 1522 2439 1435 2433
 2134 2309  912 2378   51  485   52 1144 1105 1610  905  213 2410  732
 2186 2100  790 2196 2149 1244 1123  378 1957 2283 2303 1126  222 1308
  534 2167 1012  894 1937 2280 1261 1896 1544 1089 1857 2220 1455 1416
  864 1424 1851 1380  352  788 2163 1072 1488 1965 1533 1363 2102 1025
  317 2051 1175 1503  994 2029  877 2212 2005 1915 1686 2001 1930 1044
 1255 2034 1004 1940   63 1322  696  848  847  945 1833  105  319  829
 1944  840  340  109  325 1770 2057 2141  845 1494 1430  597 1282  998
 1982  409 1802 1901  862  457 1509  956 1561  261 1335   27 2093  857
  573  555 1434  854 2156 2011 1928  650 1337 1897 1891 1423  880   45
 1963  246 1110  260 1651 1557 1951  662 1568  499 1971  702  131 2294
 2356 2215  257  170  190  669  825 1546  382  978 1485 1907 1091 2264
 1000 1769 1609  294   60  757 1644  898 1061  545 1868  225  164  949
 1695 1391 1293]

Test set - pos samples: 52
Test set - neg samples: 442
[ 673  398 1039 1114 1170 1452  678   76  245 2340 2024 1410 2325  730
  602 1792 1741 2373 1751 2114  424  680 1567   16  498 1229  896 2151
 1075  763 2123 1703 1197  785 1639 1382 1281  967  112  484 1181 1169
 1879  871 2222 1990 1020  284    3 2023  314 1981 1551 1190 1663 1624
 2394  202  531 2113 1516 1059 1406 2173 1875 1666 1206 1500 1368 1070
  504 2096   48  787 2194   55 1195  706 1925 1848  544  363 1787   97
  764    6  149  223   88 1693 2449  138 1790 1779 1502  902  139 2053
  373 1398 2389  576 2254   53 2324  689  306 1987 1795 2175 1152  675
 2195  475  506 1292 2106 1108 1665 2451 1931  440 1596 1895  230 2368
 2345 1336 2055  959 1316 2019  741  280 2153   12  521   84  883 1287
  876 1630    7  410  692 1062  515 1301 1655  228  988  852 2099 1088
 1442 1474   23 1634 1621 1853 1555 1238 1107 1847 1785 2035 2208  110
   90  838 1162 2007 1030 2146  712 2080  276 2116 1462 2150  465  121
 1374 1309  279 2078 1240  358   24 1920  830  211  191 2281 1392 1177
  401  879 1364  385 1687  634  351  543 1361  308 1697 1129  652  118
  985  178 2461   32  846  341 2112 1124  216 2219 1478  547 2259  471
  361 1834   62 1540 1726  779 1554 1836 2103  332  212  214  625 1031
 1307  275  861 1427 1566  679 2430  437 1720 1377 1445 1133  937 1910
 1573  719 1236  187  448 2376 2431 1782 1608  127 1738 1627 1277 2315
  636 2358  511 2429  603 2424  932 1251 2408 1214 1615  446   89 1747
 1731 1810 1755 1771  821  400 1589 1676 1656 1150 1962  601  219  330
 1432  899  966 1016 1272  775  580 1383  374 1266 2357 1565 1638 1759
 1137  492 2065  486 1311  904  514  969 1601  205    9  414  997  161
 1221  637  195 1888  640 1664 1672  671  581 1480 1078    0  126 1855
  875 1564 2120  668 1263  206  562   95 1378  530  392 1246 1844 2085
 1746 1947 1064 2274 2038 2187  151  766 2083 1483 1635 1207 1517  101
 1006 1431  818  697 1310 1467 1029 1511  181  227 1921  843 1211  677
 1736 2387  613  570 2464 2335 1284 2405  761  186 1049  209  369 1602
 2098 1794  663 1710 1631 1425 1271 2316  100 1222 1799 1969  867  841
 1339 2030 2299  278  944  700 1047 1356 1286  104   99  397  296 1825
 2253 1985  323   39  231  681 2238 1735 1401 1934 1041 1775 2372  583
 2331  560 1647  716  411  834  965 1475  984 2248    1  183 1938  833
  283  365 1791 1464   85 2162 2404   61 1674 2140 1530 2136  919  194
 1814 1617  778 1839 1632 2176 2295  727   50 2130 1998 1716  512   86
 1852 1913  748 2095 2360  713  657  655 1224  510 1194 1146  509  947
 2364 1880   22 1886]

Optimization Finished!
Total time elapsed: 18.5762s
Accuracy1: 95.75%
Precision1: 76.27%
Recall1: 86.54%
F1-Score1: 81.08%

Accuracy1: 95.75%
Precision1: 76.27%
Recall1: 86.54%
F1-Score1: 81.08%
Accuracy2: 89.68%
Precision2: 25.42%
Recall2: 28.85%
F1-Score2: 27.03%

