=== The Results of Dataset Splitting ===
Train set - positive samples: 156
Train set - negative samples: 1323
[ 558 1080 2044 ...  375 1240  492]

Validation set - positive samples: 52
Validation set - negative samples: 441
[1885 1593 1617 2337 1456 2012  210 1302 2202  583 1970 1726 1893   41
 2386 1647 2099 2330   31 1347  822 1589 1688  532 1018 2307  585 1445
 1358  433 2316  619 1886  476 1307 1516 1770  486 1374  166 1334 1884
 2454  923   76  821  729 1383  898 1232 1395 1085 2415 2093 1958 1074
  858  473  499 1491 1194 2304  782 1928 1768 2117 1810 1852 1662  451
  357 1860 1441  741 2325 1796  277   20 1955 2119 2332 1689 1316  679
 1265   10  994 2376 2411  368  666 1185 1745  747 1298   88  810  161
 1113  101 2374  773  351 2369 1366  218 1619 1543 1809 1381 1732 1231
  549  182   56 1675  362 2239 1410  174  157  938 2287 1560 1130 1570
  882 2023    9 1586 2009 1178 2344    2 1317 2058 2078  288 1467 1211
 1058 2083 2357 1655 2375 1019  334  594  652   43  804  388   78 1610
  787 1540 1122 1151 1380  419   93  374 1766  103  563 1672 1399  165
    5 1782  935   25 1432 1480  394  946  733  590  513  197 1995  700
 1827  514 1661  875 2252 2184  750 1851  470 1222 2214 2030 1776 2115
  328 1921 2262  195 1996  398 2447 1740  873  249 1799  815 1274  498
 2068 2013  544  495  401  777 1202 1863 1423 1174  338 2431 1718 2194
 1264 1673  825 1739 1308 1750 1029 1473  125 1293  756 1443 1071 1897
 2034 1874 1011 1483 1630 1910  800 1707  503 1140 1391 1854 2240 1669
 1277   90 1558 1163  406 1105 1457 1368  896 2223 1753 1994 1333 2434
  911 2053 1335 2422 1269  533 1802 2043  774 2372 1756  657  622 1781
  922 1026 2349 1764  542 2146 2165  110 1528 2166   38  208   62 1427
  835  997 1446  912 1431  201 1914 1267  556   13 1128  180  907 1134
   89 1053  846  450 1948 1488  653 2082 1653  847 1226 1909 1511 2153
  872 2319   32  447 1800 1148 1999  813  506  948  629 1830  176  268
 1498 2282 2269  100 2359 1683 1392 2110 1252 1291  203  497  148 2394
  480 1974 1719 1188  809  995  643 2338 2128  319 1913  190 2457  444
 1229 2088 1112 2391  791  886 1157   70  405  312 1070 2268 2081  973
 1938 1055  135 2226 2308  981 1430  570 1515 2393 1609  407  689 1166
 1115  609  588 2339  332 2320  763  466  959  402 1167  512 2404 1405
 1789 1829  228  742  453  977  121 2150  340  519  890  369 1065 1031
 1137  248 1736 1867 1362 1711  555 1219 1601   21   58  823  188 2176
  551 2199  296 1034 1464  330 1400   23 2138  255  866 1242 2242 1155
 1633  523 1564   73 2195 2203 2314 1875  229 2170 1807 1819 2136 1139
  608 1200 2186  888 1101 2163  150 1767 2132   33  966  850 2236  522
 1468 2177  220  906  853 1183 1250  538 1533 2243 1006 1667 2435 1235
  749 1906   81]

Test set - pos samples: 52
Test set - neg samples: 442
[ 925  281 2025 1529  345 2107 2076 1618  796 1666 1943 1303  153  243
  982 1779 2047  484 2157 1987  545 2027  870 2303 2285 1525  336  393
 1931  661 1892 1507  126 2299 1120 1059   42 2040 1189 1523 1868  256
  559  783 2193  408 1505  354 1729  714 1506  725 1455 2366 2426 1203
  582  604  283 2259 1169 1241 1628  931  265  541 1328 1889 1305 2066
  840 1096 2129 1980  958  780  632 1469  355 2020 2149 2162  881 1993
 1623 2373 1132  416 2392  273 2062  607 1862  349 1028 1021  945  372
 1883 1716 1752  260 1193  163 1917  759 1322  258  673 1318  329  879
  573  557 1687 1742  189 1572 2248 1579  152   72  370  591 2433 1082
  431  109 1377 1304 1409  956 2296 2331 1141 2085  507 1036 1625 1124
  713  178 1000  871  869  897  929  306  803  691 1797  939 2300  156
  947 1627 1952 1569  331  793  751  183   46  737  425  820  867  289
 2031  491  807  999  993 1287 1937  122 1375 1382  736 1246 2464  916
 1679 1309 1493 1517 1837  562  744   36 1027 1284  390  845  236  654
 2183  781 2155 1942 1757 1838 1234 1172 1339  284  965  649 1805 1022
 1271 1612 1258 1646 2097 2400  954 1386 2209  752 1639  464 2343 2228
  206  992   99  167  753 1153 1209 2318 1706 2229 2438  719  443 2126
  707  232 1063 2258 2065 1514 2302 1562 2245 1565 1292 1861  564 1899
  116  285  392 1447   74 1216 2056 2449  128 1583   96 1684   18  346
 1005 2222 1458  746 1522  172 1012 1450 2180 1600   69 2261   71  207
 2384  235  789 1573  308 1978 1728  788 1817 2429 2237 1175 1121 1654
 1918  655 2341  251 2191    7  230 2036 1439 1976 1094 1553 2448 1161
 2092  605 2311  962 1477   29  358  494  387  988 1919  385 2260 1840
    4 1154 1786 1321 1210 1645 1870  437 2246  592  137  134  919  650
 1526  356 1554 1954  760 1256 2190 1951 2086   67  505  120 1054 1332
 2159  859 1588 1691 1145  676  154 1435 1539 2458  969 1046  224 1626
 1865 1804  162  378  918  540 1095  324  141 1741 1530  621  723 1730
   14 1923 1300  225  816  893 2028 2079  862 1495 1017  883  801  905
 1877 2171 1780 1534 1670 1850 1748 1693 2385 2231 2208 1073  472 2377
 1598 1594 2064 1478  275  303 2109  668  479 2067 2362  706  546 2112
 1434  667  184 1762 1743 1982  395 1580   64 2263 1149 1346 1503  843
 2016 1879  194 1378 2277 2213 1123 2390 1792  424 2077 2124 1117  950
 2074  160  257 1288 2387 1162 1176  376 1989 1685 1276 1828  117  768
 2465 1538  832 1048  901 2100  118 1641 1033 2008  426 1925 1513 1648
 2220 2143 2439 2417  579 1249  854 2116 1270   28 1310  678   53 1081
  299 2200  391 1190]

Optimization Finished!
Total time elapsed: 11.1614s
Accuracy1: 93.93%
Precision1: 67.74%
Recall1: 80.77%
F1-Score1: 73.68%

Accuracy1: 93.93%
Precision1: 67.74%
Recall1: 80.77%
F1-Score1: 73.68%
Accuracy2: 90.28%
Precision2: 38.71%
Recall2: 46.15%
F1-Score2: 42.11%

