=== Tunable Parameters ===
project : activemq
word_embedding_epochs : 300
conv : GAT
head_num : 8
aggr : mean
repeat_time : 1
encoding : 1
epochs : 2400
random_seed : 0
hidden_dim : 256
lr : 0.001
weight_decay : 0.0005
dropout : 0.1
device : cuda
pretrained_project : alluxio
fine_tuned_project : binnavi
fine_tune_epochs : 400
fine_tune_data : 0.05

=== The Results of Dataset Splitting ===
Train set - positive samples: 49
Train set - negative samples: 492
[ 8594  1470  2472  7988  5350  1121  4848  2566  1182  4926  8484  4662
  2734  5905  8172  1623  3130  2216  1333  1015  9219  9516  8160  5525
 10439  1559  4578  5424  1177 10447  1396  1094  6695  3935  8717  3677
  6541  2470  8650  3478 10758  9359  2040  6598    40  5595  6747  6435
   651  3432  6259  7766  8470  2265  5584  3598  1566  3621  2255  6634
  9276  5098  5865  1253  1192  7421  3856  8027  4049  9798  5528  5328
  7316  9016  5593  3381  7338  9028  8739  6565  7061  6201  1757  5151
  4747  5214  2582  3752   987  4629  7100  6837  7222 10730  1413  7823
  4004  1682  7754  4387  3467  1407 10507  1585  4682  6886  7251  5648
  7563  2952  9345  9300  9658  4192  6856  2803   525  1090  8261   278
  5539  1316   533  6749  2565  4977  5492 10537  3183  1581  3993  3650
  9826   597 10817  8681   115  4208   373  3653   716  5241  6401  4772
  2986  2053  4981  8931  8224  2581  5443  5951  7275   952  9455  9290
  3508  5143  7950  3659  8802  5491  5874  8344  3658  2491  5752  3951
  6150  9491  8328 10729  5596  4631 10467  4317  6143  2862  1759   317
  3465  5187 10555  8659  7300   930  9707   103   684  9440   855  3498
  7542   689   892  8983  7141  5460  4179  4412  6529  1971  8691  3493
  8597  2137  6647  2238  9279  6903  9024  6093  9029  8449  5448  3495
  6422   978  2097 10294  3469   437   947  7205  6426 10632  2303  4233
    36  1846  9998  3833  2212  9577 10725  7936  9595 10334  5856   781
  7645  6601  6764  7819  2731  1152  9792  5403  1617  7167  6657  8961
  9962  8700  3590  4100  9020  4420  2418  6675  9431  6411  8936  4141
 10634  3169  4707  5232  2600  6750  6148  1040  6990  7116  7383  2704
   667  8308 10658  1244  9196  2327   412  8149  6603  9513  1493  8746
   331  5851  9055  7156  1685  6312  4176  2256  9134  4203  3663  8564
   316  2229  4655  4274   359  5609  7067  7517  5339  2059 10578  4427
  5444  6029  4400  6377  2592  9888 10654  4994  6606  3421  3342   411
  6083  7218  9077  1913  3827  4017  3820  8392  5707  5179  8455   197
  2838  3826  3146  5970   790  8721  5129  1520  3094  7268  3206  4555
  8791 10355 10173  9561  8360  8278  7007   143  9696  5853  7864  5662
  3231  6890   109  3273  1881  3725 10785  6037   868  5859  5453  7028
  1834  4266  3850  7737  5701  5983  5169  1102  3257    14  1873  7003
 10720  4171  9582  9532 10223  8916  5573   264  5656  8349  3682  8015
  6814  6439  1820 10670  3209  6064  5417  3179  7651    34  4812  9812
  4429  1603  5340  5664   577  4779  5934 10431  3110  9606  6109  4200
  5282  6105  4156  5175  5590   862  8748  7033  8216   558  9410  4124
  5193  9143  8496  9852  7744  1923   899  2176  8775  8408 10519  6725
  6501  2038  6356  3737  2415  3616  1056  4251  4677  7463  3839   607
  8304  9000  2240  8285   452  6821   380  6744  4958  7054 10682  8340
  7665 10683  4635  3051  9507  8052  1180  6334  8081  2830     3  8207
 10498  1663  5509   500   624  7472 10781  3916  5763  4252  4818  1939
  8080  6178  1326  4242  8599  8882  1683 10724  1340  8743  3262  3901
  3309  7243 10527  1455   548  7689  3961  9091  7589  8332   882  8970
  2487 10350  8335  7238 10260  7828  3147 10558  6280  6145  4510   496
  1893  2170  9990  6737  4513  2173  8182  2108  9266  2304  4219  5549
  2987]

Validation set - positive samples: 0
Validation set - negative samples: 0
[]

Test set - pos samples: 947
Test set - neg samples: 9364
[10618  5306 10470 ...  8050  9462  8114]

Both position encoding and semantic encoding are taken.

Position encoding is completed, taking 2.14 seconds.
Semantic encoding is completed, taking 22.21 seconds.

Train set
Accuracy1: 99.26%
Precision1: 100.00%
Recall1: 91.84%
F1-Score1: 95.74%
Accuracy2: 98.71%
Precision2: 93.33%
Recall2: 85.71%
F1-Score2: 89.36%

Test set
Accuracy1: 97.53%
Precision1: 82.10%
Recall1: 93.45%
F1-Score1: 87.41%
Accuracy2: 96.92%
Precision2: 76.25%
Recall2: 86.80%
F1-Score2: 81.19%

Total time elapsed: 38.0990s
