=== Tunable Parameters ===
project : activemq
word_embedding_epochs : 300
conv : GAT
head_num : 8
aggr : mean
repeat_time : 1
encoding : 1
epochs : 2400
random_seed : 0
hidden_dim : 256
lr : 0.001
weight_decay : 0.0005
dropout : 0.1
device : cuda
pretrained_project : realm-java
fine_tuned_project : alluxio
fine_tune_epochs : 400
fine_tune_data : 0.05

=== The Results of Dataset Splitting ===
Train set - positive samples: 18
Train set - negative samples: 332
[2208 5026 1345 3784 6918 3907 5087 3979 1795 1324 6959 2768 1365 4663
 6147 3203  520 6370 5298   95 6969 6066 3955 1984 2989 1085 5578  253
 1575 5991 2543 2394 6598 4440 3432 3272 2562 6962 6036 6512 2461   19
 3102 5626 2628 3674 2114 1472 4276 1190 1803  395 6702  937 1041 4091
 2715 5725 5062 4589 1606 1538 2022  961 5941 2330 1143 5807 6083 3349
 2905 6157 3950 3775 2645 4774 5613  394 4122 4815 2731 1095 3069 6964
 5071 2421 6225 4972 4899 3591  816  335 1915 2481 6815 3013  785  558
 5152 3857 4377  516 5358  883 3181 6129 4897 4999 4131 1981 5187 4040
 6572 6792 4283 1033 2582  425  531 5829 6487 1619 2035 4789 4273 3597
 4212   68 1021 2134 5604 1623 5369 5506 2007 5999 2975 3066 6529 3638
 2047 4242  966 2985 3171 6707 5594 1925 6585 6174 6579 5679 3710 2810
 3607 4909 5151 3944 1939 6142 1550 5164 5851 5912 6728 4173 1096 4668
 5722 2763 3295 4346  331 4177 5133 1526 1774 4372  991  136 6620 5356
 4599 1594 6384 4059 1433 4034  523 1422 3872 6899 1290 2573  236 3779
 6430 3771 1914 2747  191 3617 6682 3706  455 6405 6266 5302 4408 6742
 2223  897 5831   53 2937   37 4512 4975  564 3045  457 4867 5332 2702
   50 5570 2689  110 1308  830 5181  321 4744 5980 3750 1256 4274 2616
  346  769 1761 2228 6996 6513 2882  446 2973 6651 4554 2803 2001 4357
   83 6494 3941 3409 2898 1713 6259 3359  245  555 5347 2402 1149 3489
 5640 5095 2495 3238 1972  554 1080 5229 1909 4688  398 5695 3019 4882
  665 5176 2207 1097 3568 3895 5194 5339 3461 2163 4355 4885 3396 3708
 3946 3921 5589 1064 4057 1243 6215 6096 3456 6843 4721 1775 4339 2037
 2656 4854 5928 1035  910 2105 5975 3770 3074 5727 6519  597 2530  273
 1730  223 6809 6439 3318 1188 6740 5373 6612 5413 1470 3632  239 5497
 4390 6750 2757  105  181 5286 7011 6338 6521 1615 1577 3622 4945 5615]

Validation set - positive samples: 0
Validation set - negative samples: 0
[]

Test set - pos samples: 349
Test set - neg samples: 6320
[5371 5883 5781 ... 1110 5927  998]

Both position encoding and semantic encoding are taken.

Position encoding is completed, taking 2.10 seconds.
Semantic encoding is completed, taking 11.73 seconds.

Train set
Accuracy1: 98.29%
Precision1: 100.00%
Recall1: 66.67%
F1-Score1: 80.00%
Accuracy2: 98.29%
Precision2: 100.00%
Recall2: 66.67%
F1-Score2: 80.00%

Test set
Accuracy1: 95.31%
Precision1: 57.69%
Recall1: 38.68%
F1-Score1: 46.31%
Accuracy2: 95.07%
Precision2: 50.85%
Recall2: 34.10%
F1-Score2: 40.82%

Total time elapsed: 21.4337s
