=== The Results of Dataset Splitting ===
Train set - positive samples: 156
Train set - negative samples: 1323
[1735 2242 1720 ...  616 1956  694]

Validation set - positive samples: 52
Validation set - negative samples: 441
[2163  399 1343 1447  591 2422 2308 1011 1666 2166 1081 1353   55  354
 1684  321  982 1525  145 1069    2  734 1455 1654  918 1495 1552 1024
 2258  166 2375 1843  787  465  742 1115  972 2302 1401  139 1689 1372
 1852 2307  791 1583 1876 2445 1143 1806 1273 2109 2139  714  580 1111
 1803  955  765  466 2239 1950 2278 1203  361 2171 1779 1585  157 2353
   10 2019 2335 1711  483  267 1799  712   69 1276 1157 1409 1414  615
 2241 2292 1768  509  148  771 1942   93 1643 1811  801 2005    0 1988
  368 1812 1179  628 1265   74 1004 1568  816 1155 2017  500   68  896
 2316  886 1593  482 2255 2167 1201 1905  781 2277  848  112 1431 2186
  608  846  241 1168 1057 2206 2220 1395 2428 2448  543  503  154 2283
  507 1529 1149  612 1744 2179  194  181 2127 1704  854 2460 1846  272
 1792   56  679  997  579  415 2216  828 1966  857   41  561 1251  563
  676  558 1848  104  199  467 1080  348 1404  802 1881  701  113 1384
  442   26  144  365 1629 2093   50 1741 1061  282 2079 2280  625 1920
  420 2352  566 2074  147 1757 2113 1461   39  372  122  595   97  493
  308 1867 1033 2061 1632  542  285  382 1813 1613   45 2274  836 1281
   54   22 2404 1104 1097  202 2367 1802 1018 1949  683  406  639 1286
 2340  417 2426 1545  986  284 1726 2393 1350 1481  670 1244 1452 2087
  477  490 2423 2083  349 1122 1983  744 1239 1285 2362 1235 1944 2424
  186 2230  291 2425 1750  405 2118 1339  228 1349 1476 2256 1187  990
  640 1682  586  839  795  189  229 2341  567 2184 1132 2057  761 2098
 1094 1386 1901  501 1255 1880 2439  429  462  529 1264 1274  716   95
 2437 2122  891  805 2297 2388 1309 2284   78 1202  775 1786 1775  568
  915 1240  135  217  690 2101  877 2193  437 2219  721 1036 1209  508
 1121  286  937 2430 1623 1887 2125 1731  796 2140  253  184 2145  757
  556   24 1219 1074  495 2414 1906  600 2233 1777 1032 2298  345  884
 2397 2261  855 2334  928  693   61 1692 1458 2021  850  225 1571 1305
 1688  546  236 2177  426  847  749  499 1391 1441  901   83 1742 1445
  646  650  732 1419 1158 2120 2459  723 2259  811 1864 2273 1936 1893
 2330  776  412  265  598    8 1764 1102 2055  505   99  470 1128 1986
 1635 1045 1981  887  294 1039  106  168  165 1034  445 2047 1224 1253
 1948 1807  200 2180  577 1710 1686  390  519 1448  762  907  663  205
 1778 1062 2281 2215 2357  583 1268  827 2192 1580 2311 1101 1079  187
 2154 2063 1717 1687  451 2082  216 2026 1910 1117 2036 1715 2365 2143
 1002 1041 2419  783 2318  963 1044 1965 1164  175 2086  531   53  898
 2051 1617 2174]

Test set - pos samples: 52
Test set - neg samples: 442
[ 908 1700 2052 1365 1537 1995  571  950  502  491 1851 1620  832  535
 1098 2364  736 1489 2246  724 2134  671 2431   21 1163 1303 1428 1393
 2201 1587 2170  648 1869 1486  206  287 2070  536 1230 2282  726  570
 1658 1895  873  808 1557 1499 1725  585 1607 1633 1140 1555  697 1086
  289 1467  706  889   47  906  824 1823 1816 2115 2351 1575 1504 2387
 1842 1051 1518 1433 1250  262  110 1280  264 2173 2010 1008 1493  681
   67  720 1227 2252  102  411  879   12 1540 1427 1103 1530  550 1090
  338 2045  740  419  201 1254 1595 1798 2002 2331 2185 1083 1511 2225
   43 1376  564 2116 2328 1087 1095 1030  124 1696   72 1639 1900  195
 1736   44  378 2332 1338 1399 1507 1275 2232   98 2060 1641 1178  244
  961  933 1394 1918 2265 2377 1326 1815 1211 2270  446  352   29 2157
 1899  758 1076 1597 2039 2249  389 1470 1131 2309  230 1783 1003 2147
  306  150 1477  789 2138 2037 1782  708 1604 1526 1614 1439  480 1029
   92   81  800 1291    9  624 1374 2003  943  572  431 1460 2117 1434
 1646  565 2392 1379 1576 2012 2275  478 1173 1820 2075  487 1354  885
  654 1714  134 1411  357 1939 1370 1935 2099 1917 1502 2429 2415  513
 2195 1436 1831 1671 1753  822 1100 1484  298 1323  114 2191 1021  856
  332  523 2338 2137 2452  325 1222  759 1896  358  379 1759 1421 1708
  117  341  731  343 1938 1797  792 1544  319 2131  715 2456  951  673
  970 2130 2015 1192  610  471  245 2449 1579  916 1941 1180 1356 1048
 1998 1385 1586 1483  699  843  169  905  161   49 2148   20 1940 1841
  288 1378 1758 2304 1161 1927  617 1730  171 1818 2234  764 2059 2291
 1183  317 1698 1892 1144  433 1824 2266 1565  521 2058  581  934 1282
 2136 1017  633 2044 1424  779 1352 1177 1716 1206 1850 1868   88 1691
   14 1360  510 1520 2089  404 1999 1681 1536  454  327 1307  271 1050
 2407 1946  234 1672 1450 2076  578  965 1542 1035  475  657   94  621
 1546  520 1977 2286 2446 2455 1794 1262   75 1685 1025  613  100 1456
  398 1837 2451   33  409  837  506  751 1640 1308  273 1176 2262   57
 2088 1390 1088  743 1675  741 1473  311 1148 2260 1897  869 1767  380
 1423  252 2000 2463  552 1582 1363 1469 1225 2146 2402  810  722 1997
 1667 1015  464  410  432  868 1574  318  559 1067 1719 2427  842  402
  746  707 1749  129  788  574 1420  841  534 2106 2046  756 1621 1624
  785  138  872 2435 2161  994 1138 2149 1429 2050  913  947 1810  386
 2342 1601  303 2442  383 1296  292  177 1160  733 1659 1466 1538  268
  596  541 2049 2067  705  108 1883 2214  698  769  397  413 2346 1092
  211 2372 1754  956]

Optimization Finished!
Total time elapsed: 56.0027s
Accuracy1: 95.75%
Precision1: 78.18%
Recall1: 82.69%
F1-Score1: 80.37%

Accuracy1: 95.75%
Precision1: 78.18%
Recall1: 82.69%
F1-Score1: 80.37%
Accuracy2: 90.69%
Precision2: 32.73%
Recall2: 34.62%
F1-Score2: 33.64%

