=== The Results of Dataset Splitting ===
Train set - positive samples: 156
Train set - negative samples: 1323
[1571 1536 2304 ... 1737  399 2300]

Validation set - positive samples: 52
Validation set - negative samples: 441
[ 926   11 1845 1467 1270  501  558  162 1788 2386  924 1787 2448 1814
 1424 1094 1186  851 1931  129  463  408  184  849 2228 2241 2428 1213
 1438   13 1582  946 1340 1394 1275 1557  606 1005 1116  515 1874  681
  293  742 1494  779 1310 1105 2233  413 1385 2138 1248 1121  967 1468
 1679 1232  642 1157  763 1724 1962 1284  523  746 1945 1131 1634  411
 1122  860  454  213 1528 1302  173 1836  354 2176 2195  248  825   78
 2357  768 1912 1770  475 2391  303 2276   10 1349 1399 1112 1127 1036
  615 2052 1495 1583 2156  274 1707 2080  784 1901 1331 1367 2038 1297
 2403  986 1655  174 1507 1368 1212   79 2039 2104 1966 1562 1274 1291
  238 2437  520 1961  486 1755  637 1276  273 1123 2451  940  307  571
 1783  264 1472  654  130  143 1600  583  891 2012  455 2362  216 1574
 1520  830 1517 2360 1697 1674  810  265   51  451 1162  222  263  695
 1531 1489  732 1307  688  753  711   23  639  595  837 1006 1830 1941
  310    0  302  793 2054 2393  185 1918 1079 1286 2051  966   22 1907
  212 1876  633 2200 2084 1858 1926 1637 1493 2020 1075 1648 1223  710
  761 2086 2359  576  585 2260 1958  783 1986 1535  767 1735  678  392
 1604  964 1152  338  670  712 1322 1234  657  279  456  942  764 1832
 1035 2095 1659  774 1987  709 2452 1339 2361 1243 1445 1719  920  694
 2377  644 1805 1407 1054 1345 1974  832  261 1253  843 1256 1798  189
  457 1446 1579 1539 1743  953 1909  361   16  563  268 1158 1459 1965
  488 1645  111  124  439 1808   81  329 2025 2421  480 1652  787 2286
  159  518 2031 1230 2227  230  734 2248 1020 1549 1917 2077 2375 1793
  956 2113  158 1135 1799  651  234 2134  522  199 1762   30  882 1820
  224  331  728  716  553 1184 1375  933 1848  750  685 1615 1316 1534
  608  209  514 1662 2270 2323 1319  423 1133 1644  389 1298 1703 1478
 2164  613 1657 2034 1420 2249 2338 1607 1769  673  357 1134 2392  309
 2148 1011 1746 1810 1741 1622 1606 1309 1809 1260 1400 1021 1731  821
 2062 1541 1442  447 2306  702 2178 1015   94  128  863 1257 1499 1738
 1789  305 1618 1027  556  754 1357 1306 1406 1959  769 1325  725   96
  575 1060 1473  561  350   57 2265 1063 2215 1216 2439  949 1460 1218
  393 1949 1910 2169 2373 2261  365  876 1895 1925 2330  139 1045 2036
 1532 2339  428  286  511 1722 1736 1829 2120 2074  395 1800 1642 1080
   49 1620  973  458 1462 1463  406 1480 2154 2425 1553 1609  693  786
  781  276  773  244 1773 2272  493 1430 1601 1379 2029   28  530  426
  765 1098  294 1251 1059    1 1596 1076 1977  540 1850 1354 1599 1000
  993 1516  371]

Test set - pos samples: 52
Test set - neg samples: 442
[2281  755  998 1653 1115 1739 2252 1828  239  196 1939  315 1126  465
 1960 1426  686 2069 1332 1866  258 1119  288 2395 1364 1825 1195 1623
   54 1764  850 1550 2315 1072  877 2317 1254 1711 2231 1505 1833 2440
 2022 2225  114 1163  888  645  795  145  760 1956 2153 1555 1991 2181
   35  748 1086 1308  629 1844 2410 1285 1089  955  816 1318 1503  153
 1501  847 1065 1174 1156  301 2340 1267 1365 2353 1701 2116 2230  449
  690  278 1893  341  789   29   32 2268 2308 1839 1091 1924 1062 1545
   52 1867 1546 1337 1556   25 2093 1646  201 2194  444 1382  485 1362
 1598 2019  579  403 1025 1932 1398   82  429   58  979 1497  899 2198
  959 2202 2218  427 1559 1221  163  790 1165  311 1173 2149 1263  107
 1670 1204  169 1886 1303 2060  980 1410 2143  653  815 1108  628 1826
  554 1544 1757 2273 1348  818 1675 2211 2352  373 1915 2009 1315   48
  178 1834  326  131  394 1100 1957 1237 2206  862 1151 2010  995  836
  140  605 1039  410 1293 1405 1756 1796 1567 2087 1682 1860 1148 2035
 2119 1779  987 1485 1068  883  461  491 2366 2092  175  573 2280 1447
 1745 2423 2332 1908 1786 2434 1081 2263  672 2081 1009   12  984  740
 1914  972 1537  770 1492 2411  727 2219  948 1595 1593  610 2079 1527
  726 1190 1384  172  872  865  717  351  227 1220  669  700 1176 1301
   73  978  713 2322   24 1626 2397  962 1048 2105 1928 1395    5  104
  819 2130 1508 1706 2417  422 1202  913 1146  889  487 1872 2125 1938
  733  240 1638 2250  492  407  134 1894 2371 2384  110  897 2129 2151
 1759 2389 1628  219   56   38 1099 1128  941 1335 2372  823  914  601
  974  547 1855  363 2030 2358  430 1565  188  705  594 1457  667  947
 1488 1882  235 1304 1280 2382 2097  632  985 1411 1690  332 2430  312
   42  901  148 2150 1132 1487 1654  809 2414 2162 1369  387 2155  691
 1988  683 1978 1822 2055 2098  472   77  802 1748  206 2336 1603 1372
  896   26 2419 1358 2254  453 1856  679 2309 1747 1129 1159 2283  820
  692 2385 1851 1252  937 1693 1022 2197 2369  281 1056  255  845  535
  147 2061 2413 2433  221  161  409  156  991  233 1401  743 2388 2237
  470  745  352 1222 1449  762 2182  943  314  961  834  668 1792 2345
  442 1512 1227 2192 1114 2057 1120 1476  437 2190 1818  177 1627 2000
  675 2446 1396  619  529 1453 1625  503 1097  448  952  824  160 1350
 1916 1688  180 1370 1465  225 2316  142  684  266 2441 1698 1287 2220
 2033  981 1109 1373  636  117  643 1823 1454 1296  868 1725 2056  144
  236 2144  907  343 1658 1984 1016 1551  766 2184 1444 2110  217 1053
 1049  256 1837 2344]

Optimization Finished!
Total time elapsed: 17.6148s
Accuracy1: 96.15%
Precision1: 86.67%
Recall1: 75.00%
F1-Score1: 80.41%

