=== The Results of Dataset Splitting ===
Train set - positive samples: 156
Train set - negative samples: 1323
[2019 1071 1341 ... 1649  877  802]

Validation set - positive samples: 52
Validation set - negative samples: 441
[2332   63 1138 1784  380  203 2360 1664  113  127 1433 2049 1134  101
  935 2243  427 1234 1704 1393  250 1167 1708 2306 1608  488  362  953
 2433 1680  684  356 2301  803 2337  340   49  246 2130 1236 2409 2278
 2265  409  841 2451  120  959 2078 1521 1257 1920 2328  550 1783 1160
  864 1287   92 1629 1186 2006  336  992  682  699 1361 1184 2003  925
  482 2271 2093 2420  927 1981 1057 1188 2023  266  239 2036 1197 1357
 1736  160 1399 1407 1471 2255  161  600  873 1758 1762  115 2165 1196
 2344  506 1657  247  555 1990 1511 1839 2266 1444 1580 1011  720  140
  377 2373 1123 1901  547  216 1941   12 2018  396  782 1136   74   87
 1522 1966 1559  663 1962  281  241 1635 2117 2254 2020 1610  175  636
 2446 1347  678  316 1274  343  840 2050  272 2186 1446  818   60  191
 1007 1864 2316 1545 1525 1915 2200  717 1240  325  273 2281  105  350
  168 1337 1937 1909  745  658  554  278 2240 1309 1439  114  632  485
 1775 2368  457  728 1008 1492  385 1896 1036 2354 1087  677 1416 1129
 1324 1828  743 2260  901 2284  976 1555  219  847  930 1356 1250 1506
 2195 1914  182  903  757 2063 2405  152 1191 1674 1846 1406  357 2084
 1868  253 2231  489  366 2183 1902 2397 1551  938 1133 1860 1791 1401
 1807  650 1284  417 1060 1362 1450 1437  138 2204 2292  403  532 1550
 1943 1415 1411   99 2342 1385 1049 1851 1435 1755  601 1502  835  124
 2170  444 1998 2387  123 1761 1269  793 2327  394  565 2238 1553  198
  313 1631  455 2162  275  387 1218 1871 1540 1582   44  109  503  533
 1965  858 2330  855 2176 1778  599 1153  193  989  530  580  133 1346
  607  358  318  664  435   38 2150 2132  103 1413   52 2213  898 1323
 1872 2211 2389 1343  536 1826 2059  892  771  667  107  411 1857  136
 1718 1512 1461  233  997   28  844 2280 1976  941  906 2341  296   85
  962 1831 1543  885 1358 1121 1023  249 1929 1194  571  459  711 2425
 1858   20  370 2127   94 1968 1421 2145  535  950 1499 2221  662 2237
  492 1951 1513  960  424 1258  384 1447 2307 2021  831 1491  512 1166
  637  388 2025 1314 2026 1304   82 1472 1000 2201 2149 1223  627 2349
 2434  302 2007 2277 1296 1637 1833 1994 1156 1190   78  431  820 1353
  612  189 1854 1528 2074  563 1750  811  854 1300  516 1532  344  940
 2016  648  190 1793 2101 1737  585  581 2086 1665  328 2440  996  509
  957 1332 1705 1365 1879  227  681   51 1061 1745 1382  719 2109  568
 1557   83  177 2435  761  986  741 1465 2140  236  947  408 1017  524
  798 1586 2092 1161 1469 2229  135 2403 1204  473 1780 1806  849 2274
  735 1325 1583]

Test set - pos samples: 52
Test set - neg samples: 442
[1111 2410  934 2096 1772 2197 2414 1249 1574 1689  210  911  702 2230
  694 2447  805 2402  810 1041 1519  183  942 1291  267 2228 2184  549
 2418 2071  689 2382 2235  257  493  968  790 1139  799 2395 1214 2267
 1295  752 2455 1373  705 1744 1717 1084 1759 1459 2210  174 2381  163
 2302  816  956  548 2321 1463 2352 1377  433 2065 1118 1877  510 1175
 2428  988  259 1018 1821 1272 1172  475 1861  969  626 1677  596  908
 1232  972 2371 2239  129 1882  178 1299 1312 1916 1679 1992  764 2194
 2383 1145 1544 2364 2203 1688  538 1986 1740 2361  857 1192 1701  232
 1787 2276 2432  104 2438 1823 1749 1720 1790 1655 1422 2024 2224 1829
  437 2035 1848  443  500 1313 1368  837 1021  740 1838  640 1633 1562
 1564  917 1254 2315 1030 1911 1802 2441 1245  918  929   73  851  143
 1907 1845  355  293 1884  410 2118 1158 1859 1496    7  339 1431  733
 2396  248 1616 1140 2291 2075  676 2406 2115  807  993  537 1434 1423
   46 2249 1652  905 2051 1866 1338 1536  157 1565 1006 2394 1221  655
  697 2460  294  179 2077 2295 1279 1316 1321  502  490  305 1366  823
 1367 1473 1537  618  751  447 1059  176 2076 1200 1985  690  894  722
  479  346 2083 1899  674 1348 1844 1654  544 1110   26 2058 1587 1028
  442  486 1480 1286  349 1558 1387 1009 1246  286 2079 1735 1210 1498
  414  630  884 1908 1440  418 1700  438 1549  614 1483   97 1275 2008
 1104 1273 2411  801 1886 1811 1374 1504 1395 1147  170 2158 1015  652
  539  335 2294 2064  224  628 1394 2028 1757 1922  773  173  389 2331
 1538  333 2106  212 1613 1781 1524 2208  766 2047 2378  465 1743  915
 1164 2386 1727 1202 1527 2236    3  653 2173  914  119 2108 1638 1319
  936 2374 1624 1392  494 1804 2057  680 1265 1541  937 1840 1278 2324
  468 1474  590  654  939  875  933  421 2444 2177  470  727  341 1152
 1634  691 2333 1067 1259 1526 1371  926 2290 1722  423 1457 2366  822
  979  207 1255 1702 2359 2087 1925  292 1974 2458  337  145 1039 1547
 1508  784  106 2163 1432 1260  645 1330 1622 2345  880   21  186 1578
 2430 1497 2404 1127 1874 2358 1352 1770 2038 1671 2423 1940 1119 1949
 2246 1715  401  469 1247  116  762 1342  147 2040 1403 1760  987    0
  763   32 1842  786 1707 2350  932 1034 2156  730 2449 2072 2401 1957
  369  759  130  943  842 1567  261 1475 1878 2189  379  483  304  886
 2326  756 1205 1297  155  361   64  220 1102 1699 2355  300  471  850
  639  895 1764  952  693 2339  890  862 1710  184  836 1817 1552 1414
 1618 2264 1590  451 1592  808 1095  108 1375  363 2181 1344  429 1216
 2010  406 2426 1910]

Optimization Finished!
Total time elapsed: 12.0569s
Accuracy1: 94.94%
Precision1: 80.00%
Recall1: 69.23%
F1-Score1: 74.23%

