=== The Results of Dataset Splitting ===
Train set - positive samples: 26
Train set - negative samples: 220
[1530  401  100  381 1551 2364 2113  229  549 2006  706  250  647 2201
 1126  511 2269 2451 2343 1899  436 1222 1344  956  183 2129  265 2465
  375 2002 1814 1029  896  157 1388 1305  595 1563 2194 1988 1961 1084
 1146  839 1625 2457 1986  594 1343  104 1486  484 2206 1245  248 1901
 1314 1933 1053  522  257 1091  115 2433 1018 2240  568 2251 1632  416
  690 1484 2363  262 1434  786  835 1550 1967  308 2187 1349  189 2287
  458  463 1847  798 2127 1448 1386 1968 1900  726 2202  548 1365 1442
   70  474 1630  535 1443 2242 1156 2023 1323  704  263 1788 1819 1935
  696 1744  133 2163 1642 2029  813  476 1890  849  915 2145 2285  684
 1124  444  691 1971 1331  624  946 1167  584  743 1685 1852  143 1755
 2076 1917  860 1960 1982  572  367 2438 1435 2421  294  198  503 2045
 2197 1995 1216 2060  756 1497  537  885   29 1020  258 1358 1135 1980
 1838 1352  826  709 1026 1220  222  422 1248 2365 1183   57  805  651
 2246   44  853  240 1526 2161 1182  270  520 2035 1916 1725 2404 1133
  910 2053  461  519  446 1697 2406 1903 1234 1923 1242  210 1236 1914
 2417 1597 1202  126 1951  670 1698 1674  643 1030 1433 1645 1348 1845
  466  430 2227  206  567 2426 1568 1557  875 2000 1113 1381  363  890
 1979  873 2218  945 1410 1604  221 1052]

Validation set - positive samples: 0
Validation set - negative samples: 0
[]

Test set - pos samples: 234
Test set - neg samples: 1986
[1940 2134  978 ... 1227  893 1496]

successfully loaded: pretrained_models/activemq.pth
Accuracy1: 95.45%
Precision1: 80.93%
Recall1: 74.36%
F1-Score1: 77.51%

Accuracy1: 95.45%
Precision1: 80.93%
Recall1: 74.36%
F1-Score1: 77.51%
Accuracy2: 90.05%
Precision2: 25.12%
Recall2: 23.08%
F1-Score2: 24.05%

Total time elapsed: 6.3379s
