=== The Results of Dataset Splitting ===
Train set - positive samples: 29
Train set - negative samples: 744
[ 1695 14448 15261 12352  2098 10464  1341  9300   487  5113  9313 11511
  4913  4528  6947  6620 13411  7952  3331   934  2226   304 11841  9243
  1150  6182  2130  2855 10888 13963   396  3563  8685  1042  1066  3600
  9513  2582 14970 12202  8127 14499 13746 14528  2844   938  6220 13556
 14245 15047  2760  8202  6760  6110  8265  8222  9658 11926 14319  8325
 14603  8305   961  5382  6586 11180  4091 14249   933 10751  5545  6034
  1121  2529  6043  7093 13886  4534  1686  3554  8121  8311  4746  2717
  3625 11767 14556 10954 15206 13896 13662 11193  5293  6374  7884  4214
  6738 13430  3849  3337 10223 10695  7353  6661  1750 10686 13766 15123
  7480 10362  4577  1729  6799  1102 11439  5099  7859  6909  6337 12876
 15319  8956  9117 10482  3985  9128 13595 13345   100 10242  1053 12780
 11598 13017  5766  9649  4410  9746   171  4415  6030  9530  1749 15370
 10027  9065 14295 11329   778  8658  9425  1518 13327 12111  8763  9642
  9833  6544  1117  7814  7073 13699  6303 14728   745  3448  5578 11132
  7402 13649 11532  9904  9461  3523  4466  5828 11883 15439  3715  4121
  5304 14652  2265 14507  1401   452  4966 14367  9515  4657  5326  9277
 10607 14014   945  3942 12708 11282 11095  2931  7917 10726 13515  6616
  8182  1065  3911 11337 15363 10746  8109 10078  5779 12601 11185 10693
  6298 11149  6737  9469 12884   761  9260 10721  5969  7314  3596  9743
  9095  4082  2500  1805 14011  1354   534   893 12435  7345  6923 10860
  7501  9227 14892 10537  1037 12881  9268  9571  7129 14241  2722  4149
 13711  6483 14845  9259  6707  8312  8533  8613  3127 12290 14501  6545
 14754 10436 13207 14809 11568 12898  5137 11091 14665 13950  7432 10557
  3283  6264   366  9509  7152 13004  7257  8169  2359  5017 10873 11469
  4979  3445  4095   498  9605  4077  6115 11215 14694 10075  8662  1959
 15349  3932 15033  7287   103  3330 15116  5556  5085  9426 14867 11959
  2587  5181 13497  2281    89  8336  8409 13108  5982 10260  7086 14629
  9668  9699  8185 13661  7300  8029  7116 11372 13330  3352  4102  1244
  1996 13361 11907 15383 13523  7772   449 10425  8173  5523 14915 11405
  3568 13634 12354   170  4527 13507 12349  9927 13379 12273   151  1492
  7220 13848  8713 10376 15213  8469 14366  7387   124  4669  3255  2989
 14668  5540 10144 11230 11594  8431  2357  4232  2250 11658  7195  3158
 11242 10069  3807  6027  7781  9722   541  3804  6041 11713  1041  5815
  1357 11939  5187  6408 12438  8673  4022 15168 10725 10100  9135 13175
  2677 13039  4555  7559  8057 10787  8923 15284  5277 13447  5876  5912
  4362 12644  6025 13996  5587  7441  6882  3993 11043 10347 14310  8750
    20 12718 15208 12980  4100  7026  9543 12464  7790 12880  5019 12768
 12043 12498 13887  5537  2429 11944  2189 10230 10286  3867  2171  6188
  9608  4461  9351  3888 12598  1181  4361 12258  5737  4123 13010  7818
 11485  4261 12058 11689  9936  8913    48 11377 12031  7525   733 12577
  1556 11288 13566 12916 13930  9928  3055  7362   178  1404 13328  6084
 12467  4592  8286  3574 10720  3350  7523 13296  5882  8911 14518  8266
 11451 10687  4206  2732 12220  7348 10375 10276  5165 14573  4052 10222
  6007 11769 14062  8663  3530  1403  5760 11931  9798  2646  6322 11366
 12964   353  1642  2563  2206 15346  8142 15229  8160  1522  3396  2499
  2136  1087  4114 14720  2319  3779  9017  9580 11582  5013  3752  8939
   263 14827  1835 11711  8112  9365 14316 12614  6753 14587  3073   236
  5994  2636  1660 14824  8039  5225 10736  1377   404  7963 12813 13041
  1444 10442  6340  2659  4976 10582 14641  6054  5930  2868   150  6343
  6517  4785  3361  2203  4345  3377 11341  3254  6712  7299  2083 14981
  7532  5483  9442 14679  4826  8435  8278  8003 13708 12620  6985  7832
 14151 10015 10233  5774  1194 12363  6442 10613 10052  4188  9787  3025
 15060 12485 13157  3455  7276  3557   909  6823  7391  8147  7732  3885
 15144  7505  9667 10145     3  8668 13138  2757   968  3167 10570 11825
 14744 15178  8314  9107  4106 14714  9834  4266  4154  9217 14990 11243
  4213  3134  8209   858  3556  2488  4687  4238  3384  6395 11778 14708
  5729 15002  1784 12130 12560  1691 10673 12177  6471 11156  8033 13198
  8881   589  1138  8016  6520 14479   429  5681  3592   128 13446  2970
 12403  9656  1513  5867  9038 13035   204  8494 12115  2299 13410 10857
  7359  6213  7133  4210  5377 13255 15472  1698  2233  4108  8793 10669
  5151  2957 14205  2194  1301  9888  9503 12710 14216  7354   753  6638
  4998 12298  5607  3781 13633  8443 10355 11458  3476 11603  7414 15155
 11637  6935  3030  7534  6204  3493 12360 15117  1298  6590 15066  8334
 11291 14928 15271  9593  1998  8694 14048  5429  7923  8361   444  4051
   565  6360  8862   198  4741]

Validation set - positive samples: 0
Validation set - negative samples: 0
[]

Test set - pos samples: 556
Test set - neg samples: 14153
[ 5520  8552 13171 ... 11773 11345  2854]

successfully loaded: pretrained_models/binnavi.pth
Accuracy1: 97.03%
Precision1: 58.51%
Recall1: 73.56%
F1-Score1: 65.18%

Accuracy1: 97.03%
Precision1: 58.51%
Recall1: 73.56%
F1-Score1: 65.18%
Accuracy2: 96.95%
Precision2: 56.80%
Recall2: 71.40%
F1-Score2: 63.27%

Total time elapsed: 103.2266s
