=== The Results of Dataset Splitting ===
Train set - positive samples: 44
Train set - negative samples: 937
[ 975 9046 2483  685 7809 9288 6654 3500  528 8673 7785 8971 2544 8893
 8293 1104 5601 2978 4013 2303 1035  120 8603 7309 5480 7284 6390 2223
  967 4694 8456  876 9419  647 2398 8271 3933 6799 9619 7132 4405 2584
 1066 3563 4597 5682 6416 6465 6883 3422  695 7338  795 4946 3081 7599
 7666 6813  376 7042 7577 2386 8870 6570 5811 3742 9404 5675 1200 8454
 4725 3170 5423 5611 9549 4818 8864 4202 7551 2999 3174 9327  543 6899
 2377 4210 5687 7446 2898 8598 6783 5367 8466 9747  807 5958 1776 8745
 2838  980 9756 4243 3334 5935 6387 7288 2942 2420  446 5804 1176 4583
 6559 5258 2521 1720 1427 1247 5113 6016 9543 2928 8596 6036 5267 3163
 7239 8753  588   36  449 2809 5154 7016 3915 1208   94 3722 8111 6566
 3493 4092 4891 9355 7800 4173 5695 4301 8695 3521 9781 3562 7479 2686
 5421 6162 8135 7357 8363 3188 1986 6834 9648 9225  579 8354 4807 1753
 1493 2586 2959 2889 6911 1852 5223 6457 4347 6291 8671 2655 3872 2097
 1603 7220 1706 5698 1517 7004 3754 6355 1892 9036 4849 3461 9182 4359
 4765 4226 7802 3054 8388 1514 7961 4160 6030 5220 7475 9692 1865 3171
 5800 7143 5501 8615 5300 1203   10 5898 4195 5599  467 6243 1775 8043
 1533  778 8711 3221 4352 1221 5135 7029 1167 4274 8161 3385 1091 5184
 2749 5359 3953 5532 6145 4337 1298  774 4786 9098 9307 4382 6787 6080
  649 4097 9714 2003 6093 3125 9043 5642 1548 1832 2151 4309 6516 4675
 7869 5234    0  921    3 3301 4459 2424 1467 9496 4900 3283 1795 2740
 7058 6519 5583 3708 4811   39 2125 9359 4228 2872 5013 3193 7632 1361
 9481 8344 4717 3012 8651 8873 3703 4887 3114 3527 8282 5882  310 2244
 5000 1990 7536 2985 1970 2933  777 7708 1123 9660 3910 3879 6060 3194
 2261 4112 7281 4810 9373 9667 7657 9336 9794 7931 2458 6211 9206 8515
 6642 4466  812 5020   89 1417  108 7372 2676 3115 3002   77 4447 2333
 7692 9170 1127 2524 6444 1132 1275 1842 2162 3155 4366 2577 1322 7114
 2204 5163  271 5248 8606 7601 4219 4653 3998 1175 2755 1856  419 7629
 5482 5105 9811 9337 5346 2057 9242 5777  279  618 4282 9659 2817 7996
 9746 3284   33 9306 1283 4506 5469 7794 8637 3213 7858 3496 4375 1854
 4190 1076 6664 6684 5488 4367 4560 9005 7476 6206 8322 4985 9450 5576
 2833 8250 4062 3432  574 4628 8239 7126 5017  132 9153 8777 8717 4893
 2945 4502 7222 6686 5029 2222 2822 8602 5758 9164 9586   50 2531  578
 7394 8955 2454 3617 7439 7982 4048 7448 1195 9452  594 4729 2455  936
 6988 2552 6415 2609 4691 8593  725 5903  337 3250 7920 6372 5431 1563
  635  298 5337   47 6421  457  598 7099 2267 5722 4464   81 2331 5772
 4682 3386 7759 8820 4702 4261 4542 1593 3241 5198 3586 8809 4703 8433
 1683 3856  636  317  109 5853 5606 1165 8635 6433 2385 4397 9341 5078
  602 8939 2551 6398 1628 9294  808 2513 5459 1406 5727   93 2873 2120
 6530 2768 7620 4132 2692 6379 1562 4137 8401 6851 8979 8448 4512 7628
 2067 9360 7651 8128 3103 6989 3244 6068 1308 1805 1403 3823 3555 3271
 5106 5342 2745 8563 8754 4143 3388 5170 7544 4865 9313 1661 5909 3113
 6146 2290 7345 2837 8953  357 2177 4384 9161  353 6436 9290 1481 2361
 8079 6682 6405 2030 3401 1346 1643 1651 5449 6918 7103  322 4744 6947
 3680 7286 6984 4689 2220 7954 6823 2205 8608 7606 9807 5713 4149 3458
 3789 6605 6739 3176 8117 5320  476 7671 5870 2163  104  342 5511  203
 3541 8245 7255 7906 9314  397 5435 5694 1641 1448 9447 1866 8705 8093
 5539 1507  745 3286   29 6669 1658 1940  589 9778 8188 5348   14 5880
 7567 9205 6191 2764  885 6142 6801 7240 2362 7509 7344 1697 6440  659
 2422 1666 4872 2359 7030 2986 5148 1634 1685 5331 3540 2997 1407 3512
 7435 8129 4713 7557 3009 3840 3043 8452  324 5577 6855 7155 9740 3506
 4878 4142 1098 1079 4308 4455  985 5353 1723 8981 5660 1383 1292 7683
 5771 5489 4152 6747 2593 9352  327 7841 4151 3179 7352 8048  369 5764
 8669 4888 7792  973 1531 8423 9080 3345 8935 1772 1505 5036  493 6373
 8718 7831 4540 7587 5580 2825 7328 2920 6537 4759 1547 4884 4779 6779
 4902 7711 7226 4272 7347 1748 8379 8680 2905 5214 5084  292 7762 1284
 1437 7346 2756 3139 4608 1476 2912 6393  170 1578  604 4023 2747 8206
 4518 1131 6201 7583 2589 4396 4269 3902 2183 3736 4681  554 3653 1344
  680 6220 4889 1316 2949 5458 6251 4861 8686 2184 1453 9676 7950 5857
 7421 3120  252 3040 8736 6195 9574 8182 8464 1096 9804 8984 8662 8308
 9573 3132 6593 9211 3189 7317 4520 8892 7756   97 2519 3152 2957 4867
 5425 6667 9231  712 3816 8800 3938  246  321 3878   23 9368 5527 7923
  340 2012 3122 9603 1565 9085 2105 7738 5615 7616 6960 5780 2099 2705
 4212 6348 1107 5441 6263 2095 6241 8580 7886 5145 4030 8537 1971 8208
  269 8243 4672  802 3889 5934 7182 4543 5216 2179 3441 3696 4357  497
 7116 4903 8184 9504 4975 3518 1814 5390 5479 8338 9608  717  107 6104
 6026 1349 4147 6255 4930 9483 6804 9554 2820 2582 7733 6334 5578 6267
  484 6395 3220 1254 1585 2254 9118 1544 8610 7815  267 1110 2715 5002
  425 5022 1690  947 4079 1143 7887 7918 7189 9261 7504 8065 2836 7061
 3921 4256 8207 5932 1250 6130 8156 8281 4812 5684 3835 2989 3577 4827
 4074 5554 8190 3147 9146 7140 6304 5068 9111 2988 4181 3039 6868 5146
 9185]

Validation set - positive samples: 0
Validation set - negative samples: 0
[]

Test set - pos samples: 402
Test set - neg samples: 8435
[4905 2121 5432 ... 5362 1304 2857]

successfully loaded: pretrained_models/realm-java.pth
Accuracy1: 96.39%
Precision1: 58.03%
Recall1: 74.63%
F1-Score1: 65.29%

Accuracy1: 96.39%
Precision1: 58.03%
Recall1: 74.63%
F1-Score1: 65.29%
Accuracy2: 95.70%
Precision2: 46.23%
Recall2: 59.45%
F1-Score2: 52.01%

Total time elapsed: 43.1750s
