=== The Results of Dataset Splitting ===
Train set - positive samples: 22
Train set - negative samples: 468
[8695 7961  528 5642 7815 2184 4867 4597 8680 6405 3250 4765 3500 8615
 3002 1476 1175 2872 7345 1940 1346 6642 5764 9085 6883 5449 1651 4147
 4282  467 6834 4464 9352 5084 1107 4893 7352 7738 3386 8111 5898 9336
 2261 5017 6559 6813 3163 2254  322  985   89 8596 5857 9573 8745 2833
 3562 8190 6605 2551 4691 6570 3840 2333 2385 7029 6267 2244 3171 7222
 4367 5346   97 5511 5135 6390 1517 2420 7446 1132 3040 2942 5578 1690
 5695 9660 4560 3122 1842 8979 8953 5539 3998  120 8598  795  446 4352
 2179 7281  109 6918 8184 4653 4190 3617 1143 5576 9586 2362 5106 1562
 8893 5615 3680 1203 1066  132 4359  269 4900 2686 1720 9341 7996  317
 3334 2945 2705 4865 8673 7255 7800 4337 2205 4849 9314 4583 7657 4142
 1123 3910 5214 7931 7372 2584 9747 9648 1437 9211  936 4878 5882 7557
 1448 8322 2825 2162 3518 2377 8048 3742 5331 1563 3458 5220 9373 3461
 3872 3345 8662 5002 3189 4074 4149 6379 9288 3103 2898 8753 7099 5771
 2889 4062  353 3152  107 5423 1481 8820 8379 1361 7982 1593   81 2303
 5068 2978 8448 5353 7671 2099 7692 9504 1250 7061 7711  369 2095 8608
 5145 7475 8580 8809 3213 6984 3555 9746  449 6220 5337 9111 2220 2331
 7651 7620 1805 9170 8208 4366 9005 5909 8610 3816 3188   29 1493 8537
 7394 4097 1986 7544 5554 7632 4219 9794 4729  578 5532 9146  598 1316
 1854 6142 7666 2873 2125 7448 7220 8515 2920 9080 1407 7439 3132  497
 5804 4455 8637 6251 4375 7906 4151 2513 3921 3179 7479 5198 7551 6036
 1776 6291 3496 2740 3653 7240 4048 4725 5441    3  659 7583 1284 9098
 4308 4405 5184 9496 5148  357 6988 4884 3915 8873 8344 6206 4023 7831
 7328 3114   39 1772 3012 6016 6373  493 9419 2764 4891 7756 7288 5684
 7733 8308 9205 7858 9483 6799 7030  252 8892 5367 1427 8161 6804 8736
 6263 5698 4132 7918 3835 6398    0 2745 3170 7338 5772 9452 3241   93
 5958 9368 8043 9450 9231 4703  589 2454 9153  685 9692 4195 2097 7103
 9778 2593 8079 2222 7309 2422 6593 1661 1856 8065   14  602 1131 1683
  267 3176 2398 8271  397 2836 5348 8156 2820 1775 4212  812 1866 6911
 4382 6684 7284  808 4779  425 7116 1247 7587 5078 1685 9554 3878 1578
 7759 8207 2949 5258  543  376  876 3220 5146  967 4274 7286 6416 8182
 1079 5020 5601 1406 9659 2692 1565 4889 3081 2837 1990 2183 4543 5154
 3736 2458 6989 9261 5713 8206 3586 8466 4092 8464 6195 8401 5482 9206
 7421 1723 4137 4672 8705 6334 5342 8718 4975 2577 8245  327 4812 2986
 1127 5425 3703 8129  774 6211 7357 3043 8128 6395 1076 7189 5880 4466
 5459  588 5932 8864 7954 7606 9714  649 2988 8239 2003  921 6747 7058]

Validation set - positive samples: 0
Validation set - negative samples: 0
[]

Test set - pos samples: 424
Test set - neg samples: 8904
[8975 2616 5966 ... 1595 1023 6308]

successfully loaded: pretrained_models/realm-java.pth
Accuracy1: 96.70%
Precision1: 61.93%
Recall1: 70.99%
F1-Score1: 66.15%

Accuracy1: 96.70%
Precision1: 61.93%
Recall1: 70.99%
F1-Score1: 66.15%
Accuracy2: 96.05%
Precision2: 49.59%
Recall2: 56.84%
F1-Score2: 52.97%

Total time elapsed: 42.2653s
