=== The Results of Dataset Splitting ===
Train set - positive samples: 36
Train set - negative samples: 665
[2935 5314 4774 2665 6158 4975  493 6695 5834 2511 6486 1061 3941 2547
 4599 3950 5339 4721 1059 1799 5062 6265 6347 4355 1857 5134 5695 1345
 5302 2394 4471 3537 4390 3019 6707 6275 6346 2768 4408 3613 4309  794
 3884 4177  398  516 1033 1669 2645 2784 2582  273 1080 3295 5403 3669
 6215 1948 6066 2146 2968 4212 6397 2047 1774 1060 5181 6620  477 1622
  520  489 5122 1717  332 3069 3617  735 6129 6266 5304 3921 4131 3461
 4673 5334 6854 1526 6370 3917 1021  223  331 5071 1594 3568 3011 2647
 2134  830 6934 3203 5506  859  614 2461 1790 1562 2421 6142 6210 4299
  883 3401 2715 1533 1736 4680 1976 4034 4589 4085 7011 5788 5991 5851
 5770 4157 3983 5497   50 2001 6728 3955 1611 2976  966 1149 5095 5683
 5194 6969 3695 5267 1914  819 2074 2406 2509 1101 1421 4043 6519 2616
   83  769 3238 3706 3622  253 6512 6104 2330 3632 5980 1973 5836 2942
 1761 2329 2363 2975 5922 5679 3318 2338 3702  737 5087  446 2882 2989
 3784 2455 3242  239 4517 6957 1677   19 6225 3907 1455 1241 2512 3813
 1195 3277 6751 1433 1097 1735 5176 6147 4109 5247 6245 2916 2651 4990
 3872 1713 4346 1472  961 1308 4009 5640 3554 2765 1324 1422 1365 3771
  937 3919 2628 4357 3562 4377 5358 3735 2869 2702 1376 5626 3289 3661
 2530 6682  236 1064 4554 4867 2695 1119 2562 1479 6538 5727 4714 1420
 3013 5502 6709 2767 2543 4510 2871 3045 3171 2763 4372   99 3272 3394
 4716 3305  991  257  455 3089 6157 2223  394 4702 2448  910 2782 3359
  467 6635 2112 3489 3944 1400 1041  105 1623 2495 4972 4481 6526 4815
 1188 6529 6902 5594 4512 6384 6791 6901 1441 2022 4915 5613 3577 5508
 5152 5084 3870 4885 3218 5178 5610  555 4548 4703 1227 2391 3453 3591
 3708 1077 5578 4899 2208 5494 4290 5912 4924 1734 5604 1909 5574 4440
 3143 3245 3977 5319 1606 3779 4688 5187 2177 4538 2773 5722  796 2905
  558  554 6899 6585  816 6958 5369 5164  321  779 5356 6750  173  172
 2007 3147 1575 2481 3887 4307 1981 1775 3770 6944 3409  442 2661 6815
 3750 3767 4821 6336  762 5990 2574 1470 3416  606  582 6959   53 4551
 6612 2985 4840  759 2689 3710 2311 1096 4242   95 5829 4059  564 6619
 3777 6879 5890  245  457  897 2035 6112   31 3653 5725 4122 2851 2973
 3857 5255 1630 3139 5019 7006 1221 6402 5229  841 4091 4786 5615 5286
 5999 1854 3066 5390 3713 4175 2870 3895 2663 2737 6174 1350  255 2789
 3299 1214 2895 4999 2207 5413 2929  348 1492 3102 3530 6651  738  700
 2114 5570 3946 5975 6405 3181 4311 6792 5941 1085 4281 6702  234   37
 5928 2597 3459 3979 1984 2228 6955 3775 1795 1529  492 2402 2731   62
 3831 3349 5298 2705 4443 2163 2898  873 6604 6023 4663 3529 4744 5811
   84 2105 1939 1619 1190 6857 2904  496  665 1810 1925 2676 3310 6639
 4394  707 4668 1730 4676  136 4749 6595 2656 6579 5373 5151 7001  507
 1113 1143 4339 5418 6096 1314 3674 3754 2937 4761 6962   17 1368 3148
  488 5150 2893 5073 2810 2811 5038 1972  191 4789 1243 1750 4897 1806
 1261 4769 3074 3638 6525 5133 2747 4273 2185 2966   23 6487 4283 3849
 1550 2740  523 3611 6850 3396 1593  410 1946 1423 6304 4301 4909 4492
 6430 1458 2256 3696 3803 4882 1035 6494 5985 2385  563 6554 6614   97
 3424  648 3980 1290 6259 1615 4173 1656  346 2437 1256 2579 3432 4945
 5305 3495 6964  597 1549  100  335 1378 1538 1803 3597 6996 4352 2148
 3456 3607 6338 2060 6740 4363  110 6211 6572 2370 5347 2573 2350 6071
 2061 6598 2021 5589 6645  425 1597 4535  160 6843 3521  785 1454 4854
  185 6918 5017 1915 6099 5026 5831 6809 4274 6205 2741 6219 6060  531
 5332 6742 6036 6439 2757 1095  395 2524 2037 3852 6323 4225 2377  181
 1343 4057 2803  720 5807   68 4040 6521 6513 1771  971 1577 6083 4276
 5634]

Validation set - positive samples: 0
Validation set - negative samples: 0
[]

Test set - pos samples: 331
Test set - neg samples: 5987
[4456 5120  761 ... 5072 6584 5662]

successfully loaded: pretrained_models/realm-java.pth
Accuracy1: 96.30%
Precision1: 62.60%
Recall1: 72.81%
F1-Score1: 67.32%

Accuracy1: 96.30%
Precision1: 62.60%
Recall1: 72.81%
F1-Score1: 67.32%
Accuracy2: 95.60%
Precision2: 51.17%
Recall2: 59.52%
F1-Score2: 55.03%

Total time elapsed: 23.7923s
